Credenciales: amura@connectx.cl Cif14987.
Iniciando proceso de descarga...
Descargando CSV con page.goto(exportUrl)...
Archivo descargado en: /Users/aseverinom/Documents/Work/CX/Desarrollo/node/node_cx_recibe_venta_ejecutivo/src/services/redSalud/downloads/Registro interesados Soy RedSalud Dental - ConectX (respuestas) - Respuestas de formulario 1.csv
Procesando archivo CSV...
Procesando campaña ID: 23...
20761954
19816042
21233970
6977635
12304890
20972405
10970248
27109346
16751963
10717298
15514728
10798303
13730947
20543826
23349686
25476039
13792869
18492197
16754777
19902287
13705491
18359208
27915637
10391144
10378900
22109553
20885506
20726930
21906987
15838613
17918507
20042844
22081117
16470173
18128541
9379925
17401990
16240958
20977298
12579038
19826650
15300138
15017749
18614546
19818439
13583793
15732217
26466005
17715436
16675946
17389960
19953653
17155576
14066847
12498943
26873250
20693980
15173827
15617742
19834786
20706528
17629768
16667199
10717427
8954604
11067710
10377848
13092779
18752755
13650203
8770479
18675030
7234944
26546943
20118505
24179456
17425280
7482422
11890546
20106264
8206592
18126834
12637225
17028169
18062402
27765016
21880552
15991923
21415546
17036662
8589023
13060032
9445690
17431530
16043855
20649605
21644534
15655937
13407992
16087982
20531976
27923249
13172046
6757632
19734274
16722366
15177211
11079305
9900505
18845409
19212727
17204145
11861926
16076188
16414899
25460041
13935465
20778919
18659969
21212735
17415209
3712303
8121538
16425320
18170398
16060891
15854701
20810335
21233125
12910103
18244564
11426237
15289384
16449696
26448400
8570375
14190233
10533757
7988118
14567334
9282519
17831662
16829973
19686052
20529009
9899282
18619870
9289458
14272375
18071658
21054054
21861418
21835820
21081435
22071437
13972935
21161766
21296198
21516334
20725889
16125714
15525626
20990132
9550025
19603225
6858699
13634350
26591669
19332093
12450832
22175229
9048055
17812028
17346194
13840297
19698513
17148254
13407881
9896738
8048331
19406684
20203306
19587128
13965411
20219013
7792983
7162689
17109183
20236024
7638497
9993082
17849907
18849668
16202172
20403409
19788888
16330312
10973769
19792001
14129413
12672661
15925352
18485530
21160329
16950724
18590699
19092724
6767867
19080429
14206341
19593005
22324701
6203383
12640560
20915864
20949512
17028573
19926827
12821229
16885023
17813536
20787252
20905758
14159026
17619190
8988194
8802558
19867630
20971031
15525641
7708937
17035429
18523074
19979959
18451101
20963970
7474013
10822295
12732981
16021171
17289428
19306490
20127813
17775190
13525151
20752330
13366603
24748174
9902240
25986567
18118363
15392728
17508287
10518309
12195364
21629801
11936830
12268706
25992210
19552952
4945197
20179111
5631781
12839206
9522521
21982017
13944601
17202176
14073907
15012010
9920055
10725976
7745246
8447060
24948462
19137555
13707100
21160025
18853585
14339490
15019143
8570168
20367506
20790953
27229304
16316722
10042786
15278323
14201116
14296972
10414932
11142015
12282855
25564280
17408618
13236773
10831496
8993513
14717370
27033199
16322212
18099144
13610906
13630621
20467929
20817646
10538791
12087081
12088465
11535529
19392190
15905753
21021645
14336373
13669034
13188662
12888346
15930329
18693567
26719618
26496764
9031418
20102560
19751784
14509681
27699798
12936787
12391905
10002859
16214460
12914310
18824863
13633257
18362189
22043999
16891738
12910318
19462964
19310198
4817811
17069919
18747645
23914881
22041756
16008171
21367721
20550164
17890633
17316727
13697149
17683871
16042720
18767049
18974722
17971092
17361667
9348637
11815828
11599651
7514855
19253683
20958217
9831527
8997621
15012697
18857553
13826204
16359706
19198893
10383693
22253458
22155627
21717645
17685404
20734713
20774649
19985518
26318158
15576005
11191754
18057328
11614924
20672211
18591766
15484587
17798128
17722639
5562602
6603483
17857655
12806851
10825778
14137728
18418368
9103846
17853039
8193788
13251805
12680877
9038639
15616674
11415381
20915536
13911230
17129677
15548376
14256242
20910733
15302210
8297855
10949490
12547790
16353294
20941933
20108555
15542567
19037707
9321077
16474064
16996364
21095800
26981011
18291661
17892630
9320537
10033465
16687611
12015149
21943939
17804516
21335205
16565816
11510501
17812520
16864492
21540531
13270240
17038457
17872217
16138649
12212568
14323497
21984534
11165844
16075842
25081425
18265298
26874107
17377029
11884018
15149859
15794738
22095047
6087733
16438095
19798209
16955497
9486710
10735661
15650084
9733039
19131473
12887613
17642824
13296508
20398983
5376420
13565748
20669635
16623477
20162049
8684954
21356884
16484841
13889195
17959899
6888236
12856564
15322591
7542847
19002480
13618887
18534298
19852844
21900758
5101243
9046847
13552502
22156948
12237756
26814608
19124315
15656202
18738404
19281950
19959571
14660551
18801783
10950721
18841200
9003924
15608692
20045135
20915980
21241602
19311815
19288072
20621715
15810688
18535986
23799348
15050857
21071789
13984697
21847495
7601346
17090348
18630788
8172472
15820038
16085713
19589937
15770538
17550288
41640035
17348528
11199470
13720968
18042837
19969305
9981183
19541973
21954841
17335582
14431724
10862328
11883975
20709403
19153197
14584179
10115791
21386305
21381400
17889344
16565140
16569522
12279065
11381556
12468314
18094876
12885298
15079951
10837811
19032769
18750027
14752997
17708946
14731852
8493311
22083762
19675438
10906763
7679440
10622850
8481520
17131544
17045095
17662611
25735181
5247530
12542141
8724296
20253726
17047066
13259266
12720584
12648597
16378353
15347211
20348088
17697320
18798061
20004619
11638744
18069949
16644167
20138372
16960453
19953200
22019769
18138236
26547939
17293979
13970004
15559870
12212380
12571016
18800182
11065699
11716117
13017754
13244580
21269055
24718652
13272845
20074750
10548211
26929670
7378474
9099947
18472756
5476891
15973981
14285266
17852764
14199318
25592973
15626938
17860031
20458528
10352461
16138061
18023963
15332444
17923081
12803415
13624266
13634850
16056610
15800384
8659725
5939618
15121594
20661656
15152037
10766063
10516686
7869224
21823318
20654249
21736701
26527385
13026165
16640847
22870989
28130392
21031491
12200067
18227490
10076334
14305225
19538852
16511784
21117025
21240844
18706890
21183091
20955838
13437738
18255472
28400147
20166116
19432165
10922588
15421708
19915581
15374874
13348695
14579109
7707375
10705608
12840660
12043711
12200763
9770773
15847499
20241001
9758972
17755360
16839696
13478357
25987849
12398368
14620060
11172864
21327642
16342230
10872718
17893158
7945727
15062673
16992080
16646842
15000876
12921713
20361097
17458968
9015303
9697915
11940629
20057397
19994166
24653255
25354800
7013073
18126676
21168637
15695075
21185884
20210283
11640895
27213452
14142306
12329033
16450423
16130217
12866778
19096336
16077461
12215864
13687579
20162690
17437290
15078080
17748616
26734421
15104387
17026236
23470222
17560653
20944954
21674472
10604111
27310762
18874946
18914667
22051566
19620180
15981736
8514625
12968339
19115547
20595670
11442956
6539711
7453681
16487333
7223467
19783600
17453168
7055223
8539203
19347950
18760570
13725884
9689242
16065913
18513986
20988944
9971230
16249131
19027969
15855399
15113470
13072924
19162745
24057071
16387212
12260223
15890905
15356659
19977361
19913421
13277306
20382187
17101724
17793871
17550982
16150254
15651991
15436291
8211985
17542237
5792175
10780275
17461715
19206961
12094298
16643783
15504640
13927302
9162098
9907576
13713359
20538543
17262189
16660919
11122014
10317325
11950485
15831533
24060259
9587072
26040077
7128300
14215414
17281930
17397149
8696086
18381797
13259178
19050890
11973100
17641745
15196856
18149621
16862820
33481920
8588535
6068341
13173921
20818985
20654700
20230489
18582981
18787079
20274926
21326758
25320318
26664292
16719688
17752536
12920584
21104588
11990088
14069141
17414923
12753191
14299066
19270025
21130830
17230192
10240929
6814289
15791316
21855115
15351334
15054567
19507370
6587053
6928302
13414610
15649569
41700588
16164634
9819945
11769927
9438478
22380151
6247617
12723637
6323856
18900195
14604635
11901608
12241762
28012960
18637047
19826038
18916815
18446325
10218569
12370491
19261690
20992359
17675294
15891685
10283302
13676627
15722949
13278886
16530646
8770602
13665118
17351457
6020422
10055637
20747997
5720768
12515105
9972886
17693903
18074616
19784171
19402838
19235428
21594117
12253583
25957748
14256586
12057278
15786145
26952966
17988084
18307708
18667255
15105408
9129086
19752829
10364771
20781556
12489262
10033530
9304056
19759409
19439971
10868701
18854638
16583514
9330946
9055727
16823560
19858829
5311116
20883453
12972835
8181514
8727051
18234814
12714202
10934005
18836832
20836446
10468423
17421673
18008975
9487042
25957748
15504586
9662293
12690119
11192808
9212723
18340108
11259969
13982503
26612528
12585408
12648873
8779268
12968096
17255344
17070776
8175937
11875024
19372608
26619487
8022262
10905422
27836688
19992472
21193591
13080351
9584730
13948138
10381521
16056830
21795572
10514242
19574716
11125514
20984939
21141220
15002196
12716919
19000670
20767483
13118748
17992782
12180914
15789563
14102637
7251046
18450579
27956413
16094845
8477725
14486889
8282569
11880303
17041395
18133511
21284047
16650439
19554876
21007776
18310840
12259676
12164807
8879777
27116673
10651864
10515406
16695405
18928711
13595174
19932748
26380633
14221204
17048415
8035191
13524540
21874700
13265692
19037115
21858342
12001541
7030524
Procesando campaña ID: 26...
20761954
19816042
21233970
6977635
12304890
20972405
10970248
27109346
16751963
10717298
15514728
10798303
13730947
20543826
23349686
25476039
13792869
18492197
16754777
19902287
13705491
18359208
27915637
10391144
10378900
22109553
20885506
20726930
21906987
15838613
17918507
20042844
22081117
16470173
18128541
9379925
17401990
16240958
20977298
12579038
19826650
15300138
15017749
18614546
19818439
13583793
15732217
26466005
17715436
16675946
17389960
19953653
17155576
14066847
12498943
26873250
20693980
15173827
15617742
19834786
20706528
17629768
16667199
10717427
8954604
11067710
10377848
13092779
18752755
13650203
8770479
18675030
7234944
26546943
20118505
24179456
17425280
7482422
11890546
20106264
8206592
18126834
12637225
17028169
18062402
27765016
21880552
15991923
21415546
17036662
8589023
13060032
9445690
17431530
16043855
20649605
21644534
15655937
13407992
16087982
20531976
27923249
13172046
6757632
19734274
16722366
15177211
11079305
9900505
18845409
19212727
17204145
11861926
16076188
16414899
25460041
13935465
20778919
18659969
21212735
17415209
3712303
8121538
16425320
18170398
16060891
15854701
20810335
21233125
12910103
18244564
11426237
15289384
16449696
26448400
8570375
14190233
10533757
7988118
14567334
9282519
17831662
16829973
19686052
20529009
9899282
18619870
9289458
14272375
18071658
21054054
21861418
21835820
21081435
22071437
13972935
21161766
21296198
21516334
20725889
16125714
15525626
20990132
9550025
19603225
6858699
13634350
26591669
19332093
12450832
22175229
9048055
17812028
17346194
13840297
19698513
17148254
13407881
9896738
8048331
19406684
20203306
19587128
13965411
20219013
7792983
7162689
17109183
20236024
7638497
9993082
17849907
18849668
16202172
20403409
19788888
16330312
10973769
19792001
14129413
12672661
15925352
18485530
21160329
16950724
18590699
19092724
6767867
19080429
14206341
19593005
22324701
6203383
12640560
20915864
20949512
17028573
19926827
12821229
16885023
17813536
20787252
20905758
14159026
17619190
8988194
8802558
19867630
20971031
15525641
7708937
17035429
18523074
19979959
18451101
20963970
7474013
10822295
12732981
16021171
17289428
19306490
20127813
17775190
13525151
20752330
13366603
24748174
9902240
25986567
18118363
15392728
17508287
10518309
12195364
21629801
11936830
12268706
25992210
19552952
4945197
20179111
5631781
12839206
9522521
21982017
13944601
17202176
14073907
15012010
9920055
10725976
7745246
8447060
24948462
19137555
13707100
21160025
18853585
14339490
15019143
8570168
20367506
20790953
27229304
16316722
10042786
15278323
14201116
14296972
10414932
11142015
12282855
25564280
17408618
13236773
10831496
8993513
14717370
27033199
16322212
18099144
13610906
13630621
20467929
20817646
10538791
12087081
12088465
11535529
19392190
15905753
21021645
14336373
13669034
13188662
12888346
15930329
18693567
26719618
26496764
9031418
20102560
19751784
14509681
27699798
12936787
12391905
10002859
16214460
12914310
18824863
13633257
18362189
22043999
16891738
12910318
19462964
19310198
4817811
17069919
18747645
23914881
22041756
16008171
21367721
20550164
17890633
17316727
13697149
17683871
16042720
18767049
18974722
17971092
17361667
9348637
11815828
11599651
7514855
19253683
20958217
9831527
8997621
15012697
18857553
13826204
16359706
19198893
10383693
22253458
22155627
21717645
17685404
20734713
20774649
19985518
26318158
15576005
11191754
18057328
11614924
20672211
18591766
15484587
17798128
17722639
5562602
6603483
17857655
12806851
10825778
14137728
18418368
9103846
17853039
8193788
13251805
12680877
9038639
15616674
11415381
20915536
13911230
17129677
15548376
14256242
20910733
15302210
8297855
10949490
12547790
16353294
20941933
20108555
15542567
19037707
9321077
16474064
16996364
21095800
26981011
18291661
17892630
9320537
10033465
16687611
12015149
21943939
17804516
21335205
16565816
11510501
17812520
16864492
21540531
13270240
17038457
17872217
16138649
12212568
14323497
21984534
11165844
16075842
25081425
18265298
26874107
17377029
11884018
15149859
15794738
22095047
6087733
16438095
19798209
16955497
9486710
10735661
15650084
9733039
19131473
12887613
17642824
13296508
20398983
5376420
13565748
20669635
16623477
20162049
8684954
21356884
16484841
13889195
17959899
6888236
12856564
15322591
7542847
19002480
13618887
18534298
19852844
21900758
5101243
9046847
13552502
22156948
12237756
26814608
19124315
15656202
18738404
19281950
19959571
14660551
18801783
10950721
18841200
9003924
15608692
20045135
20915980
21241602
19311815
19288072
20621715
15810688
18535986
23799348
15050857
21071789
13984697
21847495
7601346
17090348
18630788
8172472
15820038
16085713
19589937
15770538
17550288
41640035
17348528
11199470
13720968
18042837
19969305
9981183
19541973
21954841
17335582
14431724
10862328
11883975
20709403
19153197
14584179
10115791
21386305
21381400
17889344
16565140
16569522
12279065
11381556
12468314
18094876
12885298
15079951
10837811
19032769
18750027
14752997
17708946
14731852
8493311
22083762
19675438
10906763
7679440
10622850
8481520
17131544
17045095
17662611
25735181
5247530
12542141
8724296
20253726
17047066
13259266
12720584
12648597
16378353
15347211
20348088
17697320
18798061
20004619
11638744
18069949
16644167
20138372
16960453
19953200
22019769
18138236
26547939
17293979
13970004
15559870
12212380
12571016
18800182
11065699
11716117
13017754
13244580
21269055
24718652
13272845
20074750
10548211
26929670
7378474
9099947
18472756
5476891
15973981
14285266
17852764
14199318
25592973
15626938
17860031
20458528
10352461
16138061
18023963
15332444
17923081
12803415
13624266
13634850
16056610
15800384
8659725
5939618
15121594
20661656
15152037
10766063
10516686
7869224
21823318
20654249
21736701
26527385
13026165
16640847
22870989
28130392
21031491
12200067
18227490
10076334
14305225
19538852
16511784
21117025
21240844
18706890
21183091
20955838
13437738
18255472
28400147
20166116
19432165
10922588
15421708
19915581
15374874
13348695
14579109
7707375
10705608
12840660
12043711
12200763
9770773
15847499
20241001
9758972
17755360
16839696
13478357
25987849
12398368
14620060
11172864
21327642
16342230
10872718
17893158
7945727
15062673
16992080
16646842
15000876
12921713
20361097
17458968
9015303
9697915
11940629
20057397
19994166
24653255
25354800
7013073
18126676
21168637
15695075
21185884
20210283
11640895
27213452
14142306
12329033
16450423
16130217
12866778
19096336
16077461
12215864
13687579
20162690
17437290
15078080
17748616
26734421
15104387
17026236
23470222
17560653
20944954
21674472
10604111
27310762
18874946
18914667
22051566
19620180
15981736
8514625
12968339
19115547
20595670
11442956
6539711
7453681
16487333
7223467
19783600
17453168
7055223
8539203
19347950
18760570
13725884
9689242
16065913
18513986
20988944
9971230
16249131
19027969
15855399
15113470
13072924
19162745
24057071
16387212
12260223
15890905
15356659
19977361
19913421
13277306
20382187
17101724
17793871
17550982
16150254
15651991
15436291
8211985
17542237
5792175
10780275
17461715
19206961
12094298
16643783
15504640
13927302
9162098
9907576
13713359
20538543
17262189
16660919
11122014
10317325
11950485
15831533
24060259
9587072
26040077
7128300
14215414
17281930
17397149
8696086
18381797
13259178
19050890
11973100
17641745
15196856
18149621
16862820
33481920
8588535
6068341
13173921
20818985
20654700
20230489
18582981
18787079
20274926
21326758
25320318
26664292
16719688
17752536
12920584
21104588
11990088
14069141
17414923
12753191
14299066
19270025
21130830
17230192
10240929
6814289
15791316
21855115
15351334
15054567
19507370
6587053
6928302
13414610
15649569
41700588
16164634
9819945
11769927
9438478
22380151
6247617
12723637
6323856
18900195
14604635
11901608
12241762
28012960
18637047
19826038
18916815
18446325
10218569
12370491
19261690
20992359
17675294
15891685
10283302
13676627
15722949
13278886
16530646
8770602
13665118
17351457
6020422
10055637
20747997
5720768
12515105
9972886
17693903
18074616
19784171
19402838
19235428
21594117
12253583
25957748
14256586
12057278
15786145
26952966
17988084
18307708
18667255
15105408
9129086
19752829
10364771
20781556
12489262
10033530
9304056
19759409
19439971
10868701
18854638
16583514
9330946
9055727
16823560
19858829
5311116
20883453
12972835
8181514
8727051
18234814
12714202
10934005
18836832
20836446
10468423
17421673
18008975
9487042
25957748
15504586
9662293
12690119
11192808
9212723
18340108
11259969
13982503
26612528
12585408
12648873
8779268
12968096
17255344
17070776
8175937
11875024
19372608
26619487
8022262
10905422
27836688
19992472
21193591
13080351
9584730
13948138
10381521
16056830
21795572
10514242
19574716
11125514
20984939
21141220
15002196
12716919
19000670
20767483
13118748
17992782
12180914
15789563
14102637
7251046
18450579
27956413
16094845
8477725
14486889
8282569
11880303
17041395
18133511
21284047
16650439
19554876
21007776
18310840
12259676
12164807
8879777
27116673
10651864
10515406
16695405
18928711
13595174
19932748
26380633
14221204
17048415
8035191
13524540
21874700
13265692
19037115
21858342
12001541
7030524
Procesando campaña ID: 27...
20761954
19816042
21233970
6977635
12304890
20972405
10970248
27109346
16751963
10717298
15514728
10798303
13730947
20543826
23349686
25476039
13792869
18492197
16754777
19902287
13705491
18359208
27915637
10391144
10378900
22109553
20885506
20726930
21906987
15838613
17918507
20042844
22081117
16470173
18128541
9379925
17401990
16240958
20977298
12579038
19826650
15300138
15017749
18614546
19818439
13583793
15732217
26466005
17715436
16675946
17389960
19953653
17155576
14066847
12498943
26873250
20693980
15173827
15617742
19834786
20706528
17629768
16667199
10717427
8954604
11067710
10377848
13092779
18752755
13650203
8770479
18675030
7234944
26546943
20118505
24179456
17425280
7482422
11890546
20106264
8206592
18126834
12637225
17028169
18062402
27765016
21880552
15991923
21415546
17036662
8589023
13060032
9445690
17431530
16043855
20649605
21644534
15655937
13407992
16087982
20531976
27923249
13172046
6757632
19734274
16722366
15177211
11079305
9900505
18845409
19212727
17204145
11861926
16076188
16414899
25460041
13935465
20778919
18659969
21212735
17415209
3712303
8121538
16425320
18170398
16060891
15854701
20810335
21233125
12910103
18244564
11426237
15289384
16449696
26448400
8570375
14190233
10533757
7988118
14567334
9282519
17831662
16829973
19686052
20529009
9899282
18619870
9289458
14272375
18071658
21054054
21861418
21835820
21081435
22071437
13972935
21161766
21296198
21516334
20725889
16125714
15525626
20990132
9550025
19603225
6858699
13634350
26591669
19332093
12450832
22175229
9048055
17812028
17346194
13840297
19698513
17148254
13407881
9896738
8048331
19406684
20203306
19587128
13965411
20219013
7792983
7162689
17109183
20236024
7638497
9993082
17849907
18849668
16202172
20403409
19788888
16330312
10973769
19792001
14129413
12672661
15925352
18485530
21160329
16950724
18590699
19092724
6767867
19080429
14206341
19593005
22324701
6203383
12640560
20915864
20949512
17028573
19926827
12821229
16885023
17813536
20787252
20905758
14159026
17619190
8988194
8802558
19867630
20971031
15525641
7708937
17035429
18523074
19979959
18451101
20963970
7474013
10822295
12732981
16021171
17289428
19306490
20127813
17775190
13525151
20752330
13366603
24748174
9902240
25986567
18118363
15392728
17508287
10518309
12195364
21629801
11936830
12268706
25992210
19552952
4945197
20179111
5631781
12839206
9522521
21982017
13944601
17202176
14073907
15012010
9920055
10725976
7745246
8447060
24948462
19137555
13707100
21160025
18853585
14339490
15019143
8570168
20367506
20790953
27229304
16316722
10042786
15278323
14201116
14296972
10414932
11142015
12282855
25564280
17408618
13236773
10831496
8993513
14717370
27033199
16322212
18099144
13610906
13630621
20467929
20817646
10538791
12087081
12088465
11535529
19392190
15905753
21021645
14336373
13669034
13188662
12888346
15930329
18693567
26719618
26496764
9031418
20102560
19751784
14509681
27699798
12936787
12391905
10002859
16214460
12914310
18824863
13633257
18362189
22043999
16891738
12910318
19462964
19310198
4817811
17069919
18747645
23914881
22041756
16008171
21367721
20550164
17890633
17316727
13697149
17683871
16042720
18767049
18974722
17971092
17361667
9348637
11815828
11599651
7514855
19253683
20958217
9831527
8997621
15012697
18857553
13826204
16359706
19198893
10383693
22253458
22155627
21717645
17685404
20734713
20774649
19985518
26318158
15576005
11191754
18057328
11614924
20672211
18591766
15484587
17798128
17722639
5562602
6603483
17857655
12806851
10825778
14137728
18418368
9103846
17853039
8193788
13251805
12680877
9038639
15616674
11415381
20915536
13911230
17129677
15548376
14256242
20910733
15302210
8297855
10949490
12547790
16353294
20941933
20108555
15542567
19037707
9321077
16474064
16996364
21095800
26981011
18291661
17892630
9320537
10033465
16687611
12015149
21943939
17804516
21335205
16565816
11510501
17812520
16864492
21540531
13270240
17038457
17872217
16138649
12212568
14323497
21984534
11165844
16075842
25081425
18265298
26874107
17377029
11884018
15149859
15794738
22095047
6087733
16438095
19798209
16955497
9486710
10735661
15650084
9733039
19131473
12887613
17642824
13296508
20398983
5376420
13565748
20669635
16623477
20162049
8684954
21356884
16484841
13889195
17959899
6888236
12856564
15322591
7542847
19002480
13618887
18534298
19852844
21900758
5101243
9046847
13552502
22156948
12237756
26814608
19124315
15656202
18738404
19281950
19959571
14660551
18801783
10950721
18841200
9003924
15608692
20045135
20915980
21241602
19311815
19288072
20621715
15810688
18535986
23799348
15050857
21071789
13984697
21847495
7601346
17090348
18630788
8172472
15820038
16085713
19589937
15770538
17550288
41640035
17348528
11199470
13720968
18042837
19969305
9981183
19541973
21954841
17335582
14431724
10862328
11883975
20709403
19153197
14584179
10115791
21386305
21381400
17889344
16565140
16569522
12279065
11381556
12468314
18094876
12885298
15079951
10837811
19032769
18750027
14752997
17708946
14731852
8493311
22083762
19675438
10906763
7679440
10622850
8481520
17131544
17045095
17662611
25735181
5247530
12542141
8724296
20253726
17047066
13259266
12720584
12648597
16378353
15347211
20348088
17697320
18798061
20004619
11638744
18069949
16644167
20138372
16960453
19953200
22019769
18138236
26547939
17293979
13970004
15559870
12212380
12571016
18800182
11065699
11716117
13017754
13244580
21269055
24718652
13272845
20074750
10548211
26929670
7378474
9099947
18472756
5476891
15973981
14285266
17852764
14199318
25592973
15626938
17860031
20458528
10352461
16138061
18023963
15332444
17923081
12803415
13624266
13634850
16056610
15800384
8659725
5939618
15121594
20661656
15152037
10766063
10516686
7869224
21823318
20654249
21736701
26527385
13026165
16640847
22870989
28130392
21031491
12200067
18227490
10076334
14305225
19538852
16511784
21117025
21240844
18706890
21183091
20955838
13437738
18255472
28400147
20166116
19432165
10922588
15421708
19915581
15374874
13348695
14579109
7707375
10705608
12840660
12043711
12200763
9770773
15847499
20241001
9758972
17755360
16839696
13478357
25987849
12398368
14620060
11172864
21327642
16342230
10872718
17893158
7945727
15062673
16992080
16646842
15000876
12921713
20361097
17458968
9015303
9697915
11940629
20057397
19994166
24653255
25354800
7013073
18126676
21168637
15695075
21185884
20210283
11640895
27213452
14142306
12329033
16450423
16130217
12866778
19096336
16077461
12215864
13687579
20162690
17437290
15078080
17748616
26734421
15104387
17026236
23470222
17560653
20944954
21674472
10604111
27310762
18874946
18914667
22051566
19620180
15981736
8514625
12968339
19115547
20595670
11442956
6539711
7453681
16487333
7223467
19783600
17453168
7055223
8539203
19347950
18760570
13725884
9689242
16065913
18513986
20988944
9971230
16249131
19027969
15855399
15113470
13072924
19162745
24057071
16387212
12260223
15890905
15356659
19977361
19913421
13277306
20382187
17101724
17793871
17550982
16150254
15651991
15436291
8211985
17542237
5792175
10780275
17461715
19206961
12094298
16643783
15504640
13927302
9162098
9907576
13713359
20538543
17262189
16660919
11122014
10317325
11950485
15831533
24060259
9587072
26040077
7128300
14215414
17281930
17397149
8696086
18381797
13259178
19050890
11973100
17641745
15196856
18149621
16862820
33481920
8588535
6068341
13173921
20818985
20654700
20230489
18582981
18787079
20274926
21326758
25320318
26664292
16719688
17752536
12920584
21104588
11990088
14069141
17414923
12753191
14299066
19270025
21130830
17230192
10240929
6814289
15791316
21855115
15351334
15054567
19507370
6587053
6928302
13414610
15649569
41700588
16164634
9819945
11769927
9438478
22380151
6247617
12723637
6323856
18900195
14604635
11901608
12241762
28012960
18637047
19826038
18916815
18446325
10218569
12370491
19261690
20992359
17675294
15891685
10283302
13676627
15722949
13278886
16530646
8770602
13665118
17351457
6020422
10055637
20747997
5720768
12515105
9972886
17693903
18074616
19784171
19402838
19235428
21594117
12253583
25957748
14256586
12057278
15786145
26952966
17988084
18307708
18667255
15105408
9129086
19752829
10364771
20781556
12489262
10033530
9304056
19759409
19439971
10868701
18854638
16583514
9330946
9055727
16823560
19858829
5311116
20883453
12972835
8181514
8727051
18234814
12714202
10934005
18836832
20836446
10468423
17421673
18008975
9487042
25957748
15504586
9662293
12690119
11192808
9212723
18340108
11259969
13982503
26612528
12585408
12648873
8779268
12968096
17255344
17070776
8175937
11875024
19372608
26619487
8022262
10905422
27836688
19992472
21193591
13080351
9584730
13948138
10381521
16056830
21795572
10514242
19574716
11125514
20984939
21141220
15002196
12716919
19000670
20767483
13118748
17992782
12180914
15789563
14102637
7251046
18450579
27956413
16094845
8477725
14486889
8282569
11880303
17041395
18133511
21284047
16650439
19554876
21007776
18310840
12259676
12164807
8879777
27116673
10651864
10515406
16695405
18928711
13595174
19932748
26380633
14221204
17048415
8035191
13524540
21874700
13265692
19037115
21858342
12001541
7030524
Procesando campaña ID: 22...
20761954
19816042
21233970
6977635
12304890
20972405
10970248
27109346
16751963
10717298
15514728
10798303
13730947
20543826
23349686
25476039
13792869
18492197
16754777
19902287
13705491
18359208
27915637
10391144
10378900
22109553
20885506
20726930
21906987
15838613
17918507
20042844
22081117
16470173
18128541
9379925
17401990
16240958
20977298
12579038
19826650
15300138
15017749
18614546
19818439
13583793
15732217
26466005
17715436
16675946
17389960
19953653
17155576
14066847
12498943
26873250
20693980
15173827
15617742
19834786
20706528
17629768
16667199
10717427
8954604
11067710
10377848
13092779
18752755
13650203
8770479
18675030
7234944
26546943
20118505
24179456
17425280
7482422
11890546
20106264
8206592
18126834
12637225
17028169
18062402
27765016
21880552
15991923
21415546
17036662
8589023
13060032
9445690
17431530
16043855
20649605
21644534
15655937
13407992
16087982
20531976
27923249
13172046
6757632
19734274
16722366
15177211
11079305
9900505
18845409
19212727
17204145
11861926
16076188
16414899
25460041
13935465
20778919
18659969
21212735
17415209
3712303
8121538
16425320
18170398
16060891
15854701
20810335
21233125
12910103
18244564
11426237
15289384
16449696
26448400
8570375
14190233
10533757
7988118
14567334
9282519
17831662
16829973
19686052
20529009
9899282
18619870
9289458
14272375
18071658
21054054
21861418
21835820
21081435
22071437
13972935
21161766
21296198
21516334
20725889
16125714
15525626
20990132
9550025
19603225
6858699
13634350
26591669
19332093
12450832
22175229
9048055
17812028
17346194
13840297
19698513
17148254
13407881
9896738
8048331
19406684
20203306
19587128
13965411
20219013
7792983
7162689
17109183
20236024
7638497
9993082
17849907
18849668
16202172
20403409
19788888
16330312
10973769
19792001
14129413
12672661
15925352
18485530
21160329
16950724
18590699
19092724
6767867
19080429
14206341
19593005
22324701
6203383
12640560
20915864
20949512
17028573
19926827
12821229
16885023
17813536
20787252
20905758
14159026
17619190
8988194
8802558
19867630
20971031
15525641
7708937
17035429
18523074
19979959
18451101
20963970
7474013
10822295
12732981
16021171
17289428
19306490
20127813
17775190
13525151
20752330
13366603
24748174
9902240
25986567
18118363
15392728
17508287
10518309
12195364
21629801
11936830
12268706
25992210
19552952
4945197
20179111
5631781
12839206
9522521
21982017
13944601
17202176
14073907
15012010
9920055
10725976
7745246
8447060
24948462
19137555
13707100
21160025
18853585
14339490
15019143
8570168
20367506
20790953
27229304
16316722
10042786
15278323
14201116
14296972
10414932
11142015
12282855
25564280
17408618
13236773
10831496
8993513
14717370
27033199
16322212
18099144
13610906
13630621
20467929
20817646
10538791
12087081
12088465
11535529
19392190
15905753
21021645
14336373
13669034
13188662
12888346
15930329
18693567
26719618
26496764
9031418
20102560
19751784
14509681
27699798
12936787
12391905
10002859
16214460
12914310
18824863
13633257
18362189
22043999
16891738
12910318
19462964
19310198
4817811
17069919
18747645
23914881
22041756
16008171
21367721
20550164
17890633
17316727
13697149
17683871
16042720
18767049
18974722
17971092
17361667
9348637
11815828
11599651
7514855
19253683
20958217
9831527
8997621
15012697
18857553
13826204
16359706
19198893
10383693
22253458
22155627
21717645
17685404
20734713
20774649
19985518
26318158
15576005
11191754
18057328
11614924
20672211
18591766
15484587
17798128
17722639
5562602
6603483
17857655
12806851
10825778
14137728
18418368
9103846
17853039
8193788
13251805
12680877
9038639
15616674
11415381
20915536
13911230
17129677
15548376
14256242
20910733
15302210
8297855
10949490
12547790
16353294
20941933
20108555
15542567
19037707
9321077
16474064
16996364
21095800
26981011
18291661
17892630
9320537
10033465
16687611
12015149
21943939
17804516
21335205
16565816
11510501
17812520
16864492
21540531
13270240
17038457
17872217
16138649
12212568
14323497
21984534
11165844
16075842
25081425
18265298
26874107
17377029
11884018
15149859
15794738
22095047
6087733
16438095
19798209
16955497
9486710
10735661
15650084
9733039
19131473
12887613
17642824
13296508
20398983
5376420
13565748
20669635
16623477
20162049
8684954
21356884
16484841
13889195
17959899
6888236
12856564
15322591
7542847
19002480
13618887
18534298
19852844
21900758
5101243
9046847
13552502
22156948
12237756
26814608
19124315
15656202
18738404
19281950
19959571
14660551
18801783
10950721
18841200
9003924
15608692
20045135
20915980
21241602
19311815
19288072
20621715
15810688
18535986
23799348
15050857
21071789
13984697
21847495
7601346
17090348
18630788
8172472
15820038
16085713
19589937
15770538
17550288
41640035
17348528
11199470
13720968
18042837
19969305
9981183
19541973
21954841
17335582
14431724
10862328
11883975
20709403
19153197
14584179
10115791
21386305
21381400
17889344
16565140
16569522
12279065
11381556
12468314
18094876
12885298
15079951
10837811
19032769
18750027
14752997
17708946
14731852
8493311
22083762
19675438
10906763
7679440
10622850
8481520
17131544
17045095
17662611
25735181
5247530
12542141
8724296
20253726
17047066
13259266
12720584
12648597
16378353
15347211
20348088
17697320
18798061
20004619
11638744
18069949
16644167
20138372
16960453
19953200
22019769
18138236
26547939
17293979
13970004
15559870
12212380
12571016
18800182
11065699
11716117
13017754
13244580
21269055
24718652
13272845
20074750
10548211
26929670
7378474
9099947
18472756
5476891
15973981
14285266
17852764
14199318
25592973
15626938
17860031
20458528
10352461
16138061
18023963
15332444
17923081
12803415
13624266
13634850
16056610
15800384
8659725
5939618
15121594
20661656
15152037
10766063
10516686
7869224
21823318
20654249
21736701
26527385
13026165
16640847
22870989
28130392
21031491
12200067
18227490
10076334
14305225
19538852
16511784
21117025
21240844
18706890
21183091
20955838
13437738
18255472
28400147
20166116
19432165
10922588
15421708
19915581
15374874
13348695
14579109
7707375
10705608
12840660
12043711
12200763
9770773
15847499
20241001
9758972
17755360
16839696
13478357
25987849
12398368
14620060
11172864
21327642
16342230
10872718
17893158
7945727
15062673
16992080
16646842
15000876
12921713
20361097
17458968
9015303
9697915
11940629
20057397
19994166
24653255
25354800
7013073
18126676
21168637
15695075
21185884
20210283
11640895
27213452
14142306
12329033
16450423
16130217
12866778
19096336
16077461
12215864
13687579
20162690
17437290
15078080
17748616
26734421
15104387
17026236
23470222
17560653
20944954
21674472
10604111
27310762
18874946
18914667
22051566
19620180
15981736
8514625
12968339
19115547
20595670
11442956
6539711
7453681
16487333
7223467
19783600
17453168
7055223
8539203
19347950
18760570
13725884
9689242
16065913
18513986
20988944
9971230
16249131
19027969
15855399
15113470
13072924
19162745
24057071
16387212
12260223
15890905
15356659
19977361
19913421
13277306
20382187
17101724
17793871
17550982
16150254
15651991
15436291
8211985
17542237
5792175
10780275
17461715
19206961
12094298
16643783
15504640
13927302
9162098
9907576
13713359
20538543
17262189
16660919
11122014
10317325
11950485
15831533
24060259
9587072
26040077
7128300
14215414
17281930
17397149
8696086
18381797
13259178
19050890
11973100
17641745
15196856
18149621
16862820
33481920
8588535
6068341
13173921
20818985
20654700
20230489
18582981
18787079
20274926
21326758
25320318
26664292
16719688
17752536
12920584
21104588
11990088
14069141
17414923
12753191
14299066
19270025
21130830
17230192
10240929
6814289
15791316
21855115
15351334
15054567
19507370
6587053
6928302
13414610
15649569
41700588
16164634
9819945
11769927
9438478
22380151
6247617
12723637
6323856
18900195
14604635
11901608
12241762
28012960
18637047
19826038
18916815
18446325
10218569
12370491
19261690
20992359
17675294
15891685
10283302
13676627
15722949
13278886
16530646
8770602
13665118
17351457
6020422
10055637
20747997
5720768
12515105
9972886
17693903
18074616
19784171
19402838
19235428
21594117
12253583
25957748
14256586
12057278
15786145
26952966
17988084
18307708
18667255
15105408
9129086
19752829
10364771
20781556
12489262
10033530
9304056
19759409
19439971
10868701
18854638
16583514
9330946
9055727
16823560
19858829
5311116
20883453
12972835
8181514
8727051
18234814
12714202
10934005
18836832
20836446
10468423
17421673
18008975
9487042
25957748
15504586
9662293
12690119
11192808
9212723
18340108
11259969
13982503
26612528
12585408
12648873
8779268
12968096
17255344
17070776
8175937
11875024
19372608
26619487
8022262
10905422
27836688
19992472
21193591
13080351
9584730
13948138
10381521
16056830
21795572
10514242
19574716
11125514
20984939
21141220
15002196
12716919
19000670
20767483
13118748
17992782
12180914
15789563
14102637
7251046
18450579
27956413
16094845
8477725
14486889
8282569
11880303
17041395
18133511
21284047
16650439
19554876
21007776
18310840
12259676
12164807
8879777
27116673
10651864
10515406
16695405
18928711
13595174
19932748
26380633
14221204
17048415
8035191
13524540
21874700
13265692
19037115
21858342
12001541
7030524
Proceso finalizado correctamente.
